UNITS=MM
#
#Num Features
#
F 76

#
#Feature symbol names
#
$0 r50.0
$1 donut_r4350.0x4275.0
$2 r152.40

#
#Feature attribute names
#

#
#Feature attribute text strings
#
#
#Layer features
#
L 58.73250 -41.270 61.69250 -41.270 0 P 0 
L 58.73250 -42.730 58.73250 -41.270 0 P 0 
L 61.69250 -41.270 61.69250 -42.730 0 P 0 
L 61.69250 -42.730 58.73250 -42.730 0 P 0 
P 33.0 -33.0 1 P 0 8 0.0 
L 58.73250 -45.270 61.69250 -45.270 0 P 0 
L 58.73250 -46.730 58.73250 -45.270 0 P 0 
L 61.69250 -45.270 61.69250 -46.730 0 P 0 
L 61.69250 -46.730 58.73250 -46.730 0 P 0 
L 62.20 -55.20 65.750 -55.20 0 P 0 
L 62.20 -63.850 62.20 -55.20 0 P 0 
L 65.750 -55.20 65.750 -63.850 0 P 0 
L 65.750 -63.850 62.20 -63.850 0 P 0 
L 38.150 -37.050 38.150 -62.950 0 P 0 
L 38.150 -62.950 44.90 -62.950 0 P 0 
L 44.90 -37.050 38.150 -37.050 0 P 0 
L 44.90 -62.950 44.90 -37.050 0 P 0 
L 62.498240 -36.8990 62.498240 -52.7990 0 P 0 
L 62.498240 -52.7990 69.248240 -52.7990 0 P 0 
L 69.248240 -36.8990 62.498240 -36.8990 0 P 0 
L 69.248240 -52.7990 69.248240 -36.8990 0 P 0 
P 33.0 -67.0 1 P 0 8 0.0 
P 67.0 -33.0 1 P 0 8 0.0 
L 45.520 -52.270 48.480 -52.270 0 P 0 
L 45.520 -53.730 45.520 -52.270 0 P 0 
L 48.480 -52.270 48.480 -53.730 0 P 0 
L 48.480 -53.730 45.520 -53.730 0 P 0 
L 30.650 -37.050 30.650 -62.950 0 P 0 
L 30.650 -62.950 37.40 -62.950 0 P 0 
L 37.40 -37.050 30.650 -37.050 0 P 0 
L 37.40 -62.950 37.40 -37.050 0 P 0 
L 58.6950 -51.270 61.6550 -51.270 0 P 0 
L 58.6950 -52.730 58.6950 -51.270 0 P 0 
L 61.6550 -51.270 61.6550 -52.730 0 P 0 
L 61.6550 -52.730 58.6950 -52.730 0 P 0 
P 67.0 -67.0 1 P 0 8 0.0 
L 53.30 -52.020 56.70 -52.020 0 P 0 
L 53.30 -53.980 53.30 -52.020 0 P 0 
L 56.70 -52.020 56.70 -53.980 0 P 0 
L 56.70 -53.980 53.30 -53.980 0 P 0 
L 57.24460 -37.95860 57.24460 -51.47140 2 P 0 
L 57.24460 -51.47140 45.38280 -51.47140 2 P 0 
L 45.38280 -51.47140 45.38280 -37.95860 2 P 0 
L 45.38280 -37.95860 57.24460 -37.95860 2 P 0 
L 58.6950 -39.270 61.6550 -39.270 0 P 0 
L 58.6950 -40.730 58.6950 -39.270 0 P 0 
L 61.6550 -39.270 61.6550 -40.730 0 P 0 
L 61.6550 -40.730 58.6950 -40.730 0 P 0 
L 56.81280 -65.70840 46.29720 -65.70840 2 P 0 
L 46.29720 -65.70840 46.29720 -58.29160 2 P 0 
L 46.29720 -58.29160 56.81280 -58.29160 2 P 0 
L 56.81280 -58.29160 56.81280 -65.70840 2 P 0 
L 49.350 -52.020 52.750 -52.020 0 P 0 
L 49.350 -53.980 49.350 -52.020 0 P 0 
L 52.750 -52.020 52.750 -53.980 0 P 0 
L 52.750 -53.980 49.350 -53.980 0 P 0 
L 58.6950 -47.270 61.6550 -47.270 0 P 0 
L 58.6950 -48.730 58.6950 -47.270 0 P 0 
L 61.6550 -47.270 61.6550 -48.730 0 P 0 
L 61.6550 -48.730 58.6950 -48.730 0 P 0 
L 46.30 -56.020 49.70 -56.020 0 P 0 
L 46.30 -57.980 46.30 -56.020 0 P 0 
L 49.70 -56.020 49.70 -57.980 0 P 0 
L 49.70 -57.980 46.30 -57.980 0 P 0 
L 58.73250 -49.1190 61.69250 -49.1190 0 P 0 
L 58.73250 -50.5790 58.73250 -49.1190 0 P 0 
L 61.69250 -49.1190 61.69250 -50.5790 0 P 0 
L 61.69250 -50.5790 58.73250 -50.5790 0 P 0 
L 58.73250 -37.270 61.69250 -37.270 0 P 0 
L 58.73250 -38.730 58.73250 -37.270 0 P 0 
L 61.69250 -37.270 61.69250 -38.730 0 P 0 
L 61.69250 -38.730 58.73250 -38.730 0 P 0 
L 58.6950 -43.270 61.6550 -43.270 0 P 0 
L 58.6950 -44.730 58.6950 -43.270 0 P 0 
L 61.6550 -43.270 61.6550 -44.730 0 P 0 
L 61.6550 -44.730 58.6950 -44.730 0 P 0 
